%YAML:1.0
M1: !!opencv-matrix
   rows: 3
   cols: 3
   dt: d
   data: [ 3.3793649323759365e+002, 0., 2.1150857423736690e+002, 0.,
       3.3374554858206847e+002, 1.2340103049425878e+002, 0., 0., 1. ]
D1: !!opencv-matrix
   rows: 1
   cols: 5
   dt: d
   data: [ -6.5127483939464118e-002, -4.3606527824651443e-002, 0., 0.,
       2.1568483440118952e-001 ]
R1: !!opencv-matrix
   rows: 3
   cols: 3
   dt: d
   data: [ 9.9931311247535703e-001, 2.9182452674556509e-002,
       -2.2840483591899774e-002, -2.8753455894844383e-002,
       9.9940801580449778e-001, 1.8890651651542596e-002,
       2.3378237934408418e-002, -1.8220933061014164e-002,
       9.9956063127229466e-001 ]
P1: !!opencv-matrix
   rows: 3
   cols: 4
   dt: d
   data: [ 3.2183101166524091e+002, 0., 2.1873125648498535e+002, 0., 0.,
       3.2183101166524091e+002, 1.2011623001098633e+002, 0., 0., 0., 1.,
       0. ]
M2: !!opencv-matrix
   rows: 3
   cols: 3
   dt: d
   data: [ 3.3793649323759365e+002, 0., 2.2024487101194509e+002, 0.,
       3.3374554858206847e+002, 1.1695655520552322e+002, 0., 0., 1. ]
D2: !!opencv-matrix
   rows: 1
   cols: 5
   dt: d
   data: [ -4.9038973273483839e-002, -1.6224769110728596e-001, 0., 0.,
       4.5259300850620943e-001 ]
R2: !!opencv-matrix
   rows: 3
   cols: 3
   dt: d
   data: [ 9.9952104763205007e-001, 2.9392020540259169e-002,
       9.6842381780953279e-003, -2.9207205956580023e-002,
       9.9939839383166862e-001, -1.8702660957492435e-002,
       -1.0228121075691919e-002, 1.8410853734739673e-002,
       9.9977818840181698e-001 ]
P2: !!opencv-matrix
   rows: 3
   cols: 4
   dt: d
   data: [ 3.2183101166524091e+002, 0., 2.1873125648498535e+002,
       7.2836034141614152e+002, 0., 3.2183101166524091e+002,
       1.2011623001098633e+002, 0., 0., 0., 1., 0. ]
Q: !!opencv-matrix
   rows: 4
   cols: 4
   dt: d
   data: [ 1., 0., 0., -2.1873125648498535e+002, 0., 1., 0.,
       -1.2011623001098633e+002, 0., 0., 0., 3.2183101166524091e+002, 0.,
       0., -4.4185685760911841e-001, 0. ]
